$ANSIBLE_VAULT;1.1;AES256
33303865643765613331663361323066383562353934303331653361376431393536376331326435
6333376437613537393233383533306539626333383737610a353061353337393034646466333032
63303039383137326130643036653237393061306462316333383463356362383537386338333932
3233613162643031300a343034363631313964346639386537373361303630633530626434333832
36373362323063323430646265613133336138643939343566303363326233613865666634353633
34643563316636616531343730306336613138343065666666646334323736643236633435633334
31323438366264316437393661323336643230613366653761323162386462623566383336626162
34653130363038333464363162353734383439356166326261326362303238636361316230643165
35313831316534616432323337303735383839393862633961396534303461646364343265383335
64636664386138623737663764643135356362396361626237373434356637646437643638393861
33363439383665383936343664616134326164343166643533643066646634363736613763633039
35656239343537353734646338393436393066323739386431353165613037653837306466383439
35303939306131656163373538326465613132653562623532313264336261376632636634383237
34366366303131373265326662333839376563626362353933613831323531373962363030626232
61363162363534313031656337326266613464623139323836313232613430343530393932356434
33643665656264626431663363623933383337663733306131303035623738373965616265323537
36343033363861316663623161356239386130303962613533306631306161626166613464626265
39363132613832663632323762393563323430356361313035313862633231663131663265613762
33626237363638306666306663343434663433626662646562306535663531613931626139373462
35383431613632393465383565366633343931643162616563626466323337323838313735323737
37633530323161626564346534326437643865306362353338353761333439613730316366343435
63633936663363353336623432663166346132313964623434633136663461656138303132623237
64306163363261613162383231616130636537383961333839303734386235396530336335623438
34643438616537376436663138313539623030653635303263303064323738663334383231656164
39313365376263386264343638363032326630633230656333376665656564333830383165393730
34323935646165633961323934633530633163373234663462376135393832643766323138613735
65306632363331383165353561383564396436663831326163383434383461373736366137383039
61653832636531626635316163626331323138373535303039346134383966356564333936323866
37653331646336383935363466393365393366366333356466333533316230353764633732316164
63613664376666346462313364353862643632633463663262366661333333616234653239623839
65333131663332616166663466323730326334653438373138623337626638306661653234363939
34353732356664663834626331633631343338373031333364646139623331333232376662663264
62633735386466346464353534303639303537663864363562353735383161376265353163643765
64643636643663663332643636313439643762363433306137303966316636636332396262386339
31326563633164333133356231613031366363313639373934616364613832626138346161326330
34386233366134663261353365386463633534623639626161313961306133343238323437393562
34313161336364666231656133353832333062626231656535326537343965656235623966323630
61366665613433353464343037313533623235613366613164666437653365623132356232646636
38646631376332303531396435396331393763636662386439616665623531373134626636383862
61376334303632616431343065306365336632633061346464373333323534333337646531643030
34613138373264616138626434646464376232633530373137643837616464626238663034313333
62366335353161303539613761313263643964363132353061666264373233316631326234373537
66623338323237316638366666623837346265386661303732323131356234633737666362323939
35383231666464626265353338666534366135666463396266366561643764313737363539633464
61376661653634306231313534396231363365333837343931396531663464373263383437646166
39366664653731343139326536653861643762626561386237353232643261343135653366646235
61613165363538323932383764303930313861373864313836626131383266646633626639656636
63613761636435313663303066396135316539643762323933616364316361303137316461353965
34623363613532303264393634643531623963366466343766643964373836666538643465316630
37663138383965396265636239306265363565326663386636653261666638393963656430336536
30353462643630316365666464363739326133636362313864333031616539363236393230326239
63643138663935303437363364383962623331386230336539346564303762626534373730626135
38306361363139313266353334373139393165366132386331663434626239663661643864396132
31383239393164356434643065613061353830626533343638643462376137303938356663323066
30636132623135306330616137363331383033393133333135353366653832393534663836316262
39616332633632353462666663633365326363623634393862633432366534303932626436373166
36346537623166303734626662343666333937363231343465383066303066386166656166616238
34616566366565396362643632383637353363623234613237316338653462326463656236626235
61356233306138666437323362393066323933643334313164346431366665646438306565316162
39386266306135306332616330616463636535643132653638616261356537366363613562343062
33356239666436623030303934616637636331393463373838373333333137636565643438663633
32353064663637326630396335323761303533663339616262636366313063393461613937343866
39613530363637306439623636323139653662663364383962656136653662643031653863656632
64633938653661396332343966346162643062353265646165363937313263646133633439303038
39386336376665313836646265363462386138336662346336336438643134613966376334653131
37363838656536633135343765396530356566363134336137313866666431333164346130383435
62643765343863633830623833663637336538383234666630386264373132363431653263653964
38396134393530376430303963643063353966303165616335393930633965616237636665643865
64326361366563353939306262393136616537626432616536353861633735353230393831393635
33633232616561623534666664383861346337393365366334626135353530316463316431623337
38613661633933386330653831303761393937663838633361363565643463383362663366633434
36383235323932643434316634356163363865303165356161656539656333346263326334383534
62633962626439376233653833626136393166633131353262386239363730386666363434363730
66633737663031366563303933333565303139326665323239376337363664656330306135393162
32323339663339303161303061623665363738313230636635616530396162343835386661633264
62376537626635366239623439383166316136633564346537376230306230336236343434356161
31646334343162336536393864373732623466333766323230306333313363623639613766353564
62323838373236386130633966323235663162366532346662653835356436333034393736353537
37623064343130666130663835646265303163633430653134323064643836646233623765376238
32306637393164353263363465383332656463646137613433366463396231643434643933393231
37396436343464326663623136323862373964663464303730343630663462376231623332343735
33323866303062313836383335363136666635366663636566623435326534663862323466646432
33623665306636343363333539633835643861633637363635303031373835653435326439373866
34326133303965636635383533313962363839316531656632636261393836653033666561313266
34613363323237633533326236393331343233326132333765333433313037653962383563353534
31356161353737323965633264386139643562643830376463366132393236336466626234386330
64393434353531616334303737396237373832353639643438626236343533363238633331383063
39316561646438356537643163336231643462383861393366653964636532376635326264366338
38343536333831613033666339313430656637613166653731363366323831636137346331393230
63333331653337323832333332326561646664663038393637383666643931666539643634346139
37306263656639326565663162356132646464323465636461646537346631343264306431663338
38336239316235316434353631653762373930303631633937313865613264333430396565373866
33303666383464313735383530373434363564376535336634633238633631663132343261616666
65643234363438633731633439343266303837396235313264393466623764316237323338396239
63303962313262396336313366616366623432306532633736353730643564356339393833366364
36326332303339396336343737373030373963656263323762313831356436626133343236613136
66633565616338383239666165613739316561326636646261633837663662383039393663623161
31623233306435626162353065623564643965366265663733323534623063336538616466663761
35316132623537333333306637373430323964303765633931316361343465323464376133373834
30306337393565336234663738666561363166303130353363646661373535313130613131396637
33623562303761643665613166373335306135373632346336356339323132323530326637633965
61663861653634336430626234353239663239376336623737663838326534626635626233393165
63623363306361393932663834663938363133633836663837306639323830306537663831616436
39623030633064306163323239333035313266353932303038663965386566366131306165323463
33313830343034643138306466333236343965663765353562643561326633653062623964323164
33623136346335393234393731633934643136353630613364336165346639323039623432363639
37653766373163396632383464663635396230613534316334306430623134636166643261616161
62333930663361663632303434663835363634376237373132376566643131623534643664656233
37326138663030313835356439373063333161623864633630323830373032643336353033306637
39613438633163386430613732323137653463353039663964396363323133633032656666626664
33383734326662383333323965643436306664363032616436303733386461346163653838326461
65323939663830316436613964396336323665613336366136333366353236366238363865383038
38333464363034343539366361363631646263613563326230383939313836633739343361623739
31366139333330636461343662346137393265343865626131623663643431393037363437333735
31633162373037666666613565623330666636373238313961613836326665303066386637363863
38623235356636343664636466303664363962353536343931373131393365323965363264636432
39656335356230666232326133663933326564623665616536353337383634343231306332613463
33373261343134393039336539623763333136663335623763623733373363633537623233653433
65323331313762336132636534613934343438613339636132663538316632616236616135666136
62316234343336663330323030353937643866616363353164373662633932303261353764623566
63653962316362326361363566306239326263323838386663323838643639363366393130356334
31333363393531393639623139666661303963623766303337326231306636393032623263616132
63656661656538393736636232623064386133313339376362363935636333323433373138336536
37323165633564626434356137303162633462633435383661653939616461626631376431653564
36343765323734383230626633376230616663626532633937386130663666613961643632616432
65303962396239653433353935623237363336336264366234633931663565623632613333386164
37626132653034626334313531623433343735336661386537613065643261396465396631396531
38393531323663653236393938383239353235393530323131666361643935646133396465633932
36383266646462613332346139386331633439656261653136363036396531336637636637623636
36653462626633623066633836653061326661356161363364316537313036323465306136386139
38303639343534353665386630303638653361666261316131343833316638326330396439346363
65333832316539646639363761613163366432623730386636383764326232316435306639323066
62343033643930303632333639383933396166353538386637323662623231313363373235396332
35626139633039326134383937623939636536636664313964353261353262326634313832313034
37346436623135616432666536356532643731363532336665363930363633306261316237363135
61313533323735393135633362336531333537313433656161393964633665306238356430383838
31366531356165383037376639343830363230323363346432613066376239646465646464396631
32623663346330333164666334653566633936636466303635633163666632313032643361613463
35376633333739633231333061633336316631366633643030623433313731363962356264326337
30303465303736353235383137353836353934633738313263316133363065383763643335663665
62623436363237656466376236383939363438633432343464336434646464613732623635636338
64633161353936643635643835643639316634363834313662353132653866313965363332303037
64633135366664366631613138343239316262623037643764313432646231613633616333303436
32623131323161633062383766383266316536303633613237633137323562376562663163646131
62303462326532633464383133313035643130316266326662656233653161643862386435646537
37636562316562396231333334636236373338306238353838356364623866613664323963633461
38393130363866396533373466353434663734323036343432633931666362313831323833653866
36663630316538333865343063343633383430613433646338646533636566643139666364323865
38306265656336613432393930333663633838633130373965663230656262336231303162333336
30363732663662393030356130313066636437323431626134653536653965663132633336303963
65633066653439326463666336643837613262383035363263373638363562373238633339343730
32313364393462646234343937366237383766656634393437336636623330353530363233343766
30383139613765363939663364336266613061363137313361646161346534663832646432363431
34393035663461666463323732396137623964643635323432626431393366323063393465623565
66636462333062323339393638326365376666313732646361613932366466323231386265393738
35393233333861363639386265356363383564356438326662306139656532373134303933373631
64313735613865373166666434666336356234303766353062323636393230303565646338373538
65626466636239326332353734613333313261316331653732613964333232626462373365636263
64313731346465363962316530373735363838323239373163633331303038366662313761346534
62353261363862663130393237633163666166383438616564313535363731323461616236343332
62343564303230613431313031386264623236323662336239353665643661613462346461356563
36313765663839643038653338383632336666346439353533383765376132626366623535363133
35633939616533643961613534353535653035356435383538633834636135303335393565666432
32613231623865623233616330323538613232336362646233663134353462643631396231356566
63373264306637363262366466323434396339346237333534663733326536613638643038643134
64333034363435646139323933346539643338383531616431393838633232343234323830303638
38393532353035643433396236616136653339623563363133303663363336356630306435356630
62653636643438303638666261353164313265363332623639373133383165323434323235393437
62663763396565386633643065303061626239373039303932623338613838323530636162326366
63326439623366323231373533376538623936383463633130626636393839383561383730356362
65653436666539653438356238343037366136343266306530623034393531636561356261666235
37653336343637316566623466353935313766663261653439306136663562623161343764616662
62666466306630393330373234663365663735383430393961646562643364613334663163376361
37346132666238393434653430363831643231333063376534313561666130316330633831363331
35353265333062306464343437343837623366376531383234326439336237643062643537373438
31353231656335633366633238316533613934373263386536626537383832313365383061376232
31373733623138653034626638353639663732613931636332663562663631643738396137623035
36636266373263613963653265643962633963616434343463616262363761396163616163613438
38386633656639353938636565653235313833666437643533333733363531363366393439346633
62313835353332626565356439646635646339656233303732663864303731633436383563393662
66636362336366623663366631383737633234383334383162373638393764306334393932626138
33366361633066323839626437303163616661303861326637626633393038623838653930636339
61343232353231313431363630636130323230653964663965643332326366623231346133383037
63663031663961383765643138303534383164343136396537343131346630613636333963393536
31376632306232623034393336613833363066336564383831343162386364616335323039313035
33386163303033363562366463616561353366353633666666346535366236636435333664333232
38333162343964656434396264643637353862633464363761313139616333353062653634656663
36383363623734626433643532613232346263316331626465656334653438346233356561653530
31383963613034316533336235326634323937646265643534653230316335313238383938376632
62616231383939323438303563656136623935353536643139376166363335356561623866316135
36306362396530666265633765613735646535663037383734633830666465333831356261343432
32396661303839333337636565636666363831666333636364633439373537393437383164626263
63626133356634666664316137393463383636313837373933303031353666383435383864313631
64653637613461643838336634313736363164313431643563303233323866363733623936323966
38643436643562653936333264313064643034626330633636643738383562646633633564653766
34393537353735633533393536666633363031386465316661356230393433393335343234303330
30346662373862623266303532633065366666363062383933626133383065303634353366656265
39653262303337353734383161343166316364383765383738383036653961396134653664376632
39356263656136663563313839363330336461623734626431646564386161653430623832353230
35353236653664333232626136333163653332366461643230363266376633343463323738643866
62303632366531326138393430323165646265613965303332393735303563313637323030316233
38633636356236636533363163353931666538393833356466653266373562383934336436346161
66353364353235373761303366386535303765613061653539373730653834376630313361383432
37663130393761636163383638343639636433633231653764636536616431663431343731323537
34646632396463386232653264313135373464393365346633336239333764323432323730346136
63316634396664343332653232613630373339336263653264316533323330313563316562323462
36363433386330623465366334393461623364363761373930616330336138393838356335346665
66623661396261303838363965313266336533626235636365616462356631383435303332626639
37613538613938393538653430653032373234613364663332306631646431616466396635663865
65306365363235613165333536373537656334626634376237666665396666633535383831626439
65363436303465636165353039386132363261383066623632643936613530323565633530663965
34663361653566643337626465313339373066643062316461336435653131373463373138643064
32356364386662363434333961623233396534333162383638633232376135633963313564663331
30316330613732316330326238623535323564303463313034653334303238626233376631346532
38306238313663663938336161343435383831393063386663363034613932386664306335323364
38663230396463643963613835313939303138356434366366386430623232303463326361376435
32666332633938383736346230303031313732333934656335626264653631666462306538336463
38616661393066366462363564336537303066376532333433353931393135623131353539386365
39616264633734663338303330343330656533393933326661633933346162376634323530393037
61346536386331316263313333613234306130653333346662356162643632613235303663646133
39373261653636393337353634306632386661326163616135633932326237623565373564383538
38323133363365373161663230643637363562393335656538653237373136396132633139383433
33663539323563323033323936643732313231643930643634353534346134646665333031386364
37333334636237626262373430663832316635626462393830393536633863333238313464313765
61636630373332343130316365613463326332396464366537666232383963373431613061376638
65633135386638333335326563343962343863346162616461393138623664396238353230343935
33383766653764623931386339396433616366626139633835633230656266356262626433313264
61353436316164373732346664346563343633333166643763313165356664333534663061396330
30616137633731653665666136613863363163623866616564666131613862386136393739336336
33386564626139373433666165666264633963653961656362653131353365323930613430313566
34343036383961366633313932343437613663643735306230363531633862646464633936313130
36653232653839653731363664613439623965643965366634353964383062613461666330356235
31346339373561643464616232393961656561333533393539356436313836363263386138653332
62376532343238383235366163363938313038373831613566656465633664353966303136373039
31663766336235333465636230646638346635373366633233313936376133666263626266616566
35326431633465363136343333623761383735326463336439303735336534656339356563646136
30353030643966663764643630363964363565636436363636666230376635363766663937623731
36386632393565626630313032313638363234356132623163356666383234633963356539383661
62613362336361396639356434313831313234333835616562326462366439313633373361316432
36623731346132653463353731626430333335633539363166373738396563363361663930656164
62333631633061383862303232363330356564333366306233656264643735373732633736656630
33306338663965353262383237633533356333666265646330613532376333363362336533653235
65303337643566636639353436616236353739356663316136393830666131356233653265626137
66303731346564646636383039373566383534346263303063396566393266343466656566333236
64323636366238373464666432643063393463633166646431643230323033333636666566323439
62363262663038353439353934373439333632623465373231383961303562366662396430343239
64663535326132666163656666303961643266363132663763313366656637316538616631616662
36303031353465666362343035333138626532316235623562393565316532626132383464383231
30616237643763626132666334613831306234333535653137343065323136653030633862383539
64333165326165623266316364636539643561303635366532336263303131663430346365636337
36633332653333663736313332303165636332663563356531616334333030303235643264653764
62386464643437663930353530633436336263396538393930346464393136333763646232316539
31636238333236666666343264643238333962636539336232313763326561633833396266333766
39326632616165666635303865396135323935356634623130363465343831653637666365613038
35323132653730613434353731313932633439666564333939303666393935313762623033313332
30643662656137626432313865373866333364326531623538343633343030383939306532653465
65643565373263393263333534616362373233633230616431363235626364396536336536626166
34663435323833633734636533393162363132383263653738646632393761353438303935383539
37356163636336396635633230633066613864643164653438626666663733353330333638363334
63386262343062623831303031643461393235363632633036643464323235396631383364323430
36343732396363383338363139656132383538323934633461643737383263663334353538353531
64363761663033373139383237336263353434316136303534346634663736643936326138376139
35306230663737643862323264643833313765616535323664383462653437323362656365653830
36366664386665616264633234383362303938396339363665303731666436636431323233323166
61313964383733386463373033656338323036653131306436663262626263356338643230633632
64353364393666633166336466383464326463343036626435303366356334326339383631363734
38616264323632353537363365646635653564326234333436646564303438343936386435666533
36663434663465356635386463323061623337653361346130343762633139613934383934323338
37653433363136633437306335343730376161383965653631636437346336316566666637626330
34393236663364346431393566366264653938343332323963663330623162366364633231653532
63623161666334316333313564663533336666643334333330633761313533333663326537616262
33336338323739343562333066666462386231633062333964666163386239343032396137626163
39353766633561656464643730626633613435623131363362313538393263313662303561323565
31663965346232303336353436303064323237663839383938353665633635353762666436646564
31653362396161393937613962626161656566373437326364343835356664316638326265333064
33396433626133376132323335623637383432326630626437343561386262303039356335393630
65323039343239656461663663656135376565373761646437313361303932643362366238643837
64336163663136633039653435386432353236303638396535663064633864656230666136383564
61363932316439306134633565663363323665346432306566386530613165613064306662393764
34616631636535383263653865346664393862613462366239636338643134623734366262343936
61623535356363326637323963333936656138633733333166623364326366656437613366653532
33656435373635623232613237326162366662376539363338613237663563366438343936323934
38353366353737653965316537653632373733303730363562613964303261396465383161306335
32366435396234346166626335313931343236623063303133373035623862313963336262356130
34633134393431653035656439316335643637666333623138643462636464396161366233316534
65633164356337313533316564623561316365663363333537613637353232393734336631313939
34366461393132616432343636363731616466623361323161323939653466343635616439343831
63666334373262366566643363636632633635636530356465336330366363366330313930643665
61623934353664613631386138356135393464353138356530343566343039383261306566636231
37343832343464663365393763633330303039353033353530613133353661363863316162393165
33653663306234616465303236616266613635613031633463393430336233636239666136376636
37313732376130656133386263396137616366613537306130323661636539303465623633303535
36303566616330333535653562666265373231376137613337313331663636333265306262366339
33653062393665646537613761363664373666656464346139623330636434353663343736613239
36316663343466366238663962323664323431653934383132313264313134313133326162323966
38646435666163353732666338623539333430666439646331363638653038646537386261343739
62363935373430346132613561373634353235373032643465303237366661343263393463383764
33666239333838663863613430363161376362306238656232666332626265393233326533343463
34353231393061313539373835666533333236663734653362646536306662396635343937646536
31393237633763626638626339613339346163356635363033643766373939313566303135303733
62336566383834616165316235663233336633396139633831303732353833633261383237303966
30346530653262323730326130663830343063613264343039656630333865363035323166353336
35653036316539653639633139393637306530373762623038373430356438663130383733363936
66646439336661376364656338343836323230623964323132323231663462313133313666343766
65656536393839376564626637653639383761356564303039653531356432306565343261633134
38313035313663633162356231633463663264623662386531613661643961353131393637393337
36393939303030326433356664323163616132343363366334663631653966323666336336376661
39656231643564336163643661623135343336633366393666653165393934373930663631616337
39376466363161656562633261323932366339343433333235396464336637346634633234613263
36366266353935333830653136396261613766326431356464636263383031373065376165333263
64666630613935356237373630353337373261663131663432663662306166333966336362393963
61386664336232333230323563393937653836383131323239666433346265326664303162346630
37383261343436396237613232666662363764386438303664313536333336313839353538333330
38633963333161666639663931363339373464323836303566366664313761616337396165616439
61633538613338313662666639616466666537316139333837306131623836656137396566396335
35613339383739363939303066333834386166303334633837396361393239376138346438313332
30336338383435346338386263393233386138363736636235306139356463333938666566323536
39306636363663303835663062376634303063616334373631303264343262363164636436366665
34393731383138346538366462333939313130343762393039653035376365353434623631633663
33366165356339353630636565316361643863383033663939636366396133396130376538363062
65363164386130363930623264643863353535383764626238323739623762633338633535656365
66663938386663323337646565633433636439393731333336303735636334353561633934376531
61626236376135313832383666303138666266386430613031363562643538323334623362333666
31353632653239353564616237313337396261656236353137316337303365366163363465356530
65373962626234323330303063626633363566313033333435303566666334333162656231353066
35636461633530663464356461646132633062633536643130383539363764633335303161623934
37346637356565376166396666373437306330326538323637306236346430363866646335366537
37303162633735663830643038653935333838363437616361373162326166353132326566626535
30353763373236646662383839613939336264333738363335356461393139386432376462663037
3930333530326530653163616237656362373161376261336137
