$ANSIBLE_VAULT;1.1;AES256
35653566313231393337633739336161336234626639393235353361626337383835346538313732
6562633662666661613332333736666539316364633337330a613336356132376438306562336363
65396539636662363838363837623762633261363631613161623761666165643138626135316238
3138653264356632360a643965616135323730303364636533303632656639646364666163653563
30646132306134393562363365363764653061643235323963623766653538393364636164323036
66363631666135333439663265643132666637383338363838663136313662376530326462613338
31313966323665663634323735633766303133646463336166303630383932303531633034303537
39336365393630393330303237323930613765313234313263363835306634636531316337373562
39363332353333653930653966393433393034663862323561623739333339353430313563633166
37343537613361333534616433353930383439613432323530343364623235386363333466363264
39633139303864613263396635643832636439626139626330383466363935646436386137376466
63386463633762333638616566333263333433663666386661643737626666643433623463643336
62316364343066393861643937646431643138383138656130366439376333643332326631653039
33633235393934633566623539616538633831636436653031613336616136626631323363393761
39356261333439616335663963326330303264663133623637306439613337363162316330323138
32366633393133323365626435633864303564343434316661666637653566643464396439383663
62323330633365376634626334616437323339393662623635316536346231316337666265626634
30643433326535333733376230343338616664366431386363323034623864643165626462323038
30366236666433663064383038626632616532646637323366356663333730363266663061636362
30396330663231356534633736663134643331323333316432386430323734373534303230616435
37653066343832653739616366306366663965343838643433303665666530313039373262386438
65336366353263616461633234663033646137316461393961326461336331643735396233663934
32613935313461373361666566336566326631363163663864653062653832303265613231333736
30636130336563666334646636646339626435396563326435326636393037323333313930313534
62623364663862343335323139373430653334643438623163663038663435316333353634363835
39326462333538343761353938343239393864643332383436396666643932396632643230303139
32363630323636346632346238626339613935373161323039663631396262336536623932363132
65386332303730626264663738353839306664663065666663643933623463353763303265353634
36313364346537363331313635666564376234636534316434666238353864323863396364386536
33396138656639383834643131623964346438653139666463376231363061663634333632383433
35373361653534633563353332643365303064626363623534623131303030383931636365353031
38336134343363306532356336353332366163333062383865303932333432373631343362653433
63643966646264353064666361336331643430653330393538346533306266386131326232643862
63396531623361633639663331313463306338326363376266626532303564343835613863626364
64633234363561613364393831383866343465613065646462353231373736323836306634346431
32633033396266393962363935613835373261643465363132623531663236393332343039616639
35366634353865623062343163646365663331646631643037613233383935363061336233303264
62373865643531336135353737646638323162653230613131613934626536333136313539633337
31306233333032616461646437663564316432613562613563373930613561633835313237336236
61363634383565336135393932623464353464326661313138646138626432653035383363643837
61636534396635323439353633666464656537343364353936353462633830643336653763616130
30393665323332323361653061326463616333613133323636343637383130646463663231323837
34633139333932316132313330313761663231376134373533396438396261316364343532393539
34663830636237303336373733326465643034386564613439663766646261383332323066373862
33376436623532346539633861613132646234623633373431336639376630393937383966323461
36393938643365626334353836383734346264326564666630643535623236373038373466313035
38393434646637336363346266313039303961336237336232393936353766363862386433663733
34633339613662396438306264333763323661373966613465303466663563316639333238343662
32623162333030626534373030633964666465656336633537373835636163376230333662663336
62346236363436336438663132613465646139653632646563346461613964613635623137336363
33613232323465333961333135623063353936373033633232663065313364343862343261316165
36316466383965393564
