$ANSIBLE_VAULT;1.1;AES256
35666631626233643834643836336564646565613932343139613764356164393835343038656430
3338653731633239343530373633613139343735343035360a393433373035313463343433643732
62663039613532393131393365643233613336343730636366613230623763333932356138326339
3036646563326539610a383961656535333565303234383833616663393837663531376430623562
31633130656539626165376136356536396433633665613838333462343934386330613831306538
66643934366238303063383764643864313064323134393561626465393239333831366161313765
36333261626661333635653733623866313637393338643932643332376639343862333435356262
32386461313838326339313062333439646135663864393331653963646533353166656633313963
62336266343766663536623866333935306362633331336361666439643665366566383065653731
31353233623166663764383065623230363337626261646539353136303236333463663338323466
37336161316636613531373063396538633163366632323835626430363565366636623762306162
33636433363765313762396162356330366535346135646464396364633131323366393630646131
32333762326632663334303130346133376532663030663461636135386562326264656465376135
64623462616532383231626266306264363864313331333733623565346639303838663636653334
62373561623765333161376262353330653066346364326537376664313739393833666466353731
62316266633138373730303638323363396339333966363538633231636630303735336465383865
36613239376635643565353538353466646437316438663936633266656432383561356564646436
36323664613862326533373133636430346565363965313839343333633638616638653137316136
64396135373138626335623036353630333661316161626338326466626463656535643037613363
35656336373338373862366337306166393365313231623533383030656433303338303138343236
37393735326336323765643635366435373665303332653633396666356135373837303466343231
38386635333261343636633839623162313130313062616139333466306130386139666435626362
30396265393964356161363761653264343333656331626365396637613563336136613662663061
61363662616466663465353735633163666335666665623134306562393330633535613466376263
39383863396237636130343162646339383630306433383735333932303735306465653863376361
34643536323637353339356531353434626433326364373132393630613366623739633561336230
38316439623030383862613634303333666438363165383335343234656265633662393965613834
38393837386530393338633635373033353131326263353364396163353561386637353863353138
38363136623336663934393336343737663838333866616465666531356539383639373433643365
30356632386136333031613436643862346332306637393034383164626564363964633664356132
66346232666362626630393461326636333232303761633763383763393531313166326236376166
38373038643263303538313932303033313764626532366637353436306363663266643266376631
33343139336333653236366564633833396431623861356337643733393262643335313038623835
32373330343034636433366261303532303033346262393063623664313330333263323237656436
35303234626263646235383635623532373862623461306662316431316561633838343336373033
66643266613638366461376166376432363732653161646338356266623531616535303037323131
31613934643664333735613730353166643864636238656430623334333937386539336635363139
35663431663734303032323935353135643461306432326138663132373631646635356236303132
63313565343461363133373737646436633332306637363562643633386434313162313164383834
63303534353138346235636436313839396332353035376466303862303334643531633563653838
63656164383630373261353339613733333536653861613466343530373334346165383434366265
39663632646366366334306362323730393463613761376436656265653966393833616332653266
33306339633064383466376363323932633635643038363536313265393264346137636264666532
36613937343138356662643532393064383338616131393062623635626532306632373631383333
36303962633931313138663066626262323962336433336230333061663232393963653431373335
38663861353061356636303231663337386465633265646366626634386266336361313731316335
39396162613466316261666532343331373436356636393364313035646632666437383264326237
66396339333031306432303962323365313533326665626138396136643033323466616637393331
66323339623166633564646165663432316133333438393534366131343036393030613665356365
65326665626434643638333966623734366137633835653535663531656132333135613137393235
38396662646661363963636363313435616130323934336561666338326633616434653931336437
65346432353930633436633238393565313437613036616366643435383565666237373437386265
62613331666230666361386666396636323661613434613833383064653866613038613465353838
31383666336666393830366237323535653963663036316631386236356361633565326466613866
62353033386232383736623463393162373435313430313034323865363966313637393166333833
33343135353436323039393965376635336661336538396565376237313838353837346530356261
33623135373364393836303764353636373535396166356566323661346237666564396633386535
30323132633366633731656138616639663566643663313930663161353239373966393132666165
61323262376237363962393236313666306163393164336238623930646535373532613333333936
35663433626666363031373062346332316234363263353661306330623332373031663838623635
63313633316335663363336636383338653663363530663736363062343536653234353835643734
36333231356335316439396165646266633661393039336331383563386664343565646463633437
36626265636234346434313563326430306465383931653330326638366339616336363937633565
32303739616234383631346565663938663365653762656131383133373431643861353735616630
65333366303636636435313432376632336466363032326365366433353935316565616133343762
38396139316262646533323438383437393039623038306337663331653439666437626334343766
64363937633662633433626133386133623632393035393765626439656438663962333531346432
61646336353962623161306536653465646363383564633962643162313666356564653534656261
31326462346536623734643534363665343036373466643762393632613336643963326363383765
34636266333538346132623765633237333839616638636330666337666535343438323835646163
35303663303233306335306339666136656336376238353263643462353238323830366139613065
35336638643039373634323666323631653063303364623631303932303464313630373962656537
65643665393336656365303730396334306161366266663036326364666634613533333638383231
65316230323837313733333236343161306539326465316266336463613134343239353432363962
62626338643131663936393535306166313337656561356636636163323533303135306133666564
38326163623838376431303334613637353330386530646166616330313134636266383766346262
31353864303430363766663130353963336239373038306666343361636531316363623266363436
64306432396137313564613035623939336137316565366432343666386661653663633632346339
65633336356635323564623937393665653166616265636663366131343763663561356133633736
34303131633534613461346532613331343136373932373866303962303739396531353630306337
34666361616163636165306164623062643261336339313264396162636465303437343361376166
34626138373364626463323236653937383038363637626562336535313061363064323639376464
36646331373038306163393539343838333235383466353136383564656466356365383732343637
30363865396132333232346133383838333739663662636266396134646437323437393737316261
36653662353235363334316137323231646532323035343765366162346661386633623333386465
32356463356661633763323462373061316562346335373563663065303832373138313232346236
30333131363337303635383232653933383464663762643064393738333461323035363638633862
31623265386233306162363236306234613838323763656431393831616266656431383162303136
30316532346637306464376133353338383535353666323664346238393638383961326638653234
36653631623264653636333730646133663531393661626136333830336463323239366236313935
32636532356361346338626535656131616138303633306461393433356439636665613665653730
63323761393061376138633435383865343530623363383466636230626661636461366365396338
39613237633038313561646166656562313063333632313865353033626130613733383836393132
61653035353162313638383735356136316134633063663963353633623830393830623238623461
33396335356537383166326261623664306138613533663361393036323638653839383134333531
39643063623662336335656536653537303263353464386633363133313864393739373433666263
33656164353663643233313831303966656333323139306536346537353434363464643239663833
38643339633662313738336635653565336131393630613231613662623837366361343863643766
32633135313238363564666464666661373932303836343030323433663539396536653930343936
64356636383961393036386561353333633963366534303538333564393437643863376232383539
37316130366339383031333738303039653262623635333662333637643934643635363762346234
61316436356564616230356333616662373135666230393163343134316432653062333132346562
30646139663632353233383662336235393138653866353366303934333462633135313661306133
35336638343833303631356631386239303733363639323635616665336635323734663636653931
35626564363430383065316564623563613830383438646336656233613563383061383861346334
65326161633965343736333737376136363636316262336266343662346139333764643536643030
30323062623034383164663939646435313734393864393131383961613564376433373266346335
38333737386266613961346638373138346235336137373566386231616633383864343266363134
32663135386164363939383039383435333939656538366430346334633663316433623536333366
62343337356639626634306364373963313033626361363863626464323763643138383962663138
38353135313937343439613438616261353463333933356233356361636463303864336561373032
66376138333732396132613334656436326665616636336630363766333034306231303965663438
33656464663364356162326337663166353835613036623065633162313838326137353235326332
37656139613866366232313265636135656437386666346236653766383164363638396233306333
32383335393366626235333530393761316332633439643730366637616631626439666234363432
39373962306530383639373533343135643732393339663465613839336330366336623266393630
36623033323362333132656133626363343836313961353132663633353139333066366138663761
36343366353863663963343736636365646363346566303936303837353239663533356661383633
34333336633930343765656665663065306334353733333766326532343332336230356530646564
38313533306333663664656134373538336466613936323461623833633131343162663463623935
31653536356361373264363434623561306665636334653333326434623764623364643336396139
65373961373365353962313638666139396566663164386234663030646536326535316430653963
34383335623031323132336631396463363365336432643338326136393234313263653063643530
61346638333062346466336465306465323430343232313730303138396163353465366635663066
33656335366533306334646439303439643739326237333836323136643137623165376534636563
62373038326166613835653835363461306633616332323935316235383530326536373962666330
35303134303535616362663061333863653837323036306137366131626130613361303633323630
33333036663139653033653638313933333364643431656530383232646364366630636236343836
33636265613436373065616235623661386136646235333466363435343436353236326365653530
35663932303266373761323333663161666335313064616133623038323361366361653530666230
31306338353833653035613530386130633335646132313938386632333138366136396366623032
66373732663636306232323764386239393933656464333535636163623763346461626235623136
66393734363933356237653535623566303033303562613532663663666564393533393663643035
3034366664666235356431306464633332386363353062383239
